0 1 0
0 1 1
0 1 2
0 1 3
0 1 4
0 1 5
0 1 6
0 1 7
0 1 8
0 1 9
0 t -
1 2 0
1 2 1
1 2 2
1 2 3
1 2 4
1 2 5
1 2 6
1 2 7
1 2 8
1 2 9
1 t -
2 t 0
2 t 1
2 t 2
2 t 3
2 t 4
2 t 5
2 t 6
2 t 7
2 t 8
2 t 9
2 3 -
3 4 0
3 4 1
3 4 2
3 4 3
3 4 4
3 4 5
3 4 6
3 4 7
3 4 8
3 4 9
3 t -
4 5 0
4 5 1
4 5 2
4 5 3
4 5 4
4 5 5
4 5 6
4 5 7
4 5 8
4 5 9
4 t -
5 6 0
5 6 1
5 6 2
5 6 3
5 6 4
5 6 5
5 6 6
5 6 7
5 6 8
5 6 9
5 t -
6 t 0
6 t 1
6 t 2
6 t 3
6 t 4
6 t 5
6 t 6
6 t 7
6 t 8
6 t 9
6 t -
t t 0
t t 1
t t 2
t t 3
t t 4
t t 5
t t 6
t t 7
t t 8
t t 9
t t -
6
